103.00,103,3.22
210.22,104,6.57
318.57,105,9.96
426.96,105,13.34
538.34,108,16.82
654.82,113,20.46
775.46,117,24.23
900.23,121,28.13
1028.13,124,32.13
1159.13,127,36.22
1293.22,130,40.41
1430.41,133,44.70
1569.70,135,49.05
1712.05,138,53.50
1856.50,140,58.02
2004.02,143,62.63
2152.63,144,67.27
2303.27,146,71.98
2455.98,148,76.75
2609.75,149,81.55
2765.55,151,86.42
2922.42,152,91.33
3081.33,154,96.29
3241.29,155,101.29
3402.29,156,106.32
3565.32,158,111.42
3729.42,159,116.54
3894.54,160,121.70
4060.70,161,126.90
4227.90,162,132.12
4396.12,163,137.38
4564.38,163,142.64
4630.64,164,144.71
4693.71,165,146.68
4756.68,166,148.65
4819.65,166,150.61
4880.61,167,152.52
4937.52,168,154.30
4990.30,168,155.95
5039.95,169,157.50
5086.50,169,158.95
5130.95,170,160.34
5172.34,170,161.64
5211.64,171,162.86
5248.86,171,164.03
5284.03,172,165.13
5317.13,172,166.16
5347.16,172,167.10
5377.10,173,168.03
5405.03,173,168.91
5430.91,173,169.72
5455.72,173,170.49
5479.49,174,171.23
5502.23,174,171.94
5522.94,174,172.59
5542.59,174,173.21
5561.21,174,173.79
5577.79,174,174.31
5594.31,175,174.82
5609.82,175,175.31
5624.31,175,175.76
5637.76,175,176.18
5650.18,175,176.57
5663.57,176,176.99
5675.99,176,177.37
5687.37,176,177.73
5697.73,176,178.05
5708.05,176,178.38
5717.38,176,178.67
5725.67,176,178.93
5733.93,176,179.19
5741.19,176,179.41
5748.41,176,179.64
5754.64,176,179.83
5761.83,177,180.06
5768.06,177,180.25
5774.25,177,180.45
5779.45,177,180.61
5784.61,177,180.77
5789.77,177,180.93
5793.93,177,181.06
5798.06,177,181.19
5802.19,177,181.32
5806.32,177,181.45
5809.45,177,181.55
5813.54,178,181.67
5816.67,177,181.77
5819.77,177,181.87
5823.87,178,182.00
5828.00,178,182.12
5831.12,178,182.22
5834.22,178,182.32
5837.32,178,182.42
5840.42,178,182.51
5843.51,178,182.61
5845.61,178,182.68
5847.68,178,182.74
5849.74,178,182.80
5851.80,178,182.87
5853.87,178,182.93
5855.93,178,183.00
5858.00,178,183.06
5860.06,178,183.13
5862.13,178,183.19
5864.19,178,183.26
5866.26,178,183.32
5867.32,178,183.35
5868.35,178,183.39
5869.39,178,183.42
5870.42,178,183.45
5871.45,178,183.48
5872.48,178,183.52
5873.52,178,183.55
5874.55,178,183.58
5875.58,178,183.61
5876.61,178,183.64
5877.64,178,183.68
5877.68,178,183.68
5878.68,178,183.71
5879.71,178,183.74
5879.74,178,183.74
5879.74,178,183.74
5879.74,178,183.74
5879.74,178,183.74
5879.74,178,183.74
5879.74,178,183.74
5879.74,178,183.74
5879.74,178,183.74
5879.74,178,183.74
5879.74,178,183.74
5879.74,178,183.74
5879.74,178,183.74
5879.74,178,183.74
5879.74,178,183.74
5879.74,178,183.74
5879.74,178,183.74
5879.74,178,183.74
5879.74,178,183.74
5879.74,178,183.74
5879.74,178,183.74
5879.74,178,183.74
5879.74,178,183.74
5879.74,178,183.74
5879.74,178,183.74
5879.74,178,183.74
5879.74,178,183.74
5879.74,178,183.74
5879.74,178,183.74
5879.74,178,183.74
5879.74,178,183.74
5879.74,178,183.74
5879.74,178,183.74
5879.74,178,183.74
5879.74,178,183.74
5879.74,178,183.74
5879.74,178,183.74
5879.74,178,183.74
5879.74,178,183.74
5879.74,178,183.74
5879.74,178,183.74
5879.74,178,183.74
5879.74,178,183.74
5879.74,178,183.74
5879.74,178,183.74
5879.74,178,183.74
5879.74,178,183.74
5879.74,178,183.74
5879.74,178,183.74
5879.74,178,183.74
5879.74,178,183.74
5879.74,178,183.74
5879.74,178,183.74
5879.74,178,183.74
5879.74,178,183.74
5879.74,178,183.74
5879.74,178,183.74
5879.74,178,183.74
5879.74,178,183.74
5879.74,178,183.74
5879.74,178,183.74
5879.74,178,183.74
5879.74,178,183.74
5879.74,178,183.74
5879.74,178,183.74
5879.74,178,183.74
5879.74,178,183.74
5879.74,178,183.74
5879.74,178,183.74
5879.74,178,183.74
5879.74,178,183.74
5879.74,178,183.74
5879.74,178,183.74
5879.74,178,183.74
5879.74,178,183.74
5879.74,178,183.74
5879.74,178,183.74
5879.74,178,183.74
5880.74,179,183.77
5881.77,179,183.81
5882.81,179,183.84
5883.84,179,183.87
5884.87,179,183.90
5885.90,179,183.93
5886.93,179,183.97
5887.97,179,184.00
5889.00,179,184.03
5890.03,179,184.06
5891.06,179,184.10
5892.10,179,184.13
5893.13,179,184.16
5894.16,179,184.19
5895.19,179,184.22
5896.22,179,184.26
5897.26,179,184.29
5898.29,179,184.32
5899.32,179,184.35
5900.35,179,184.39
5901.39,179,184.42
5902.42,179,184.45
5903.45,179,184.48
5904.48,179,184.52
5905.52,179,184.55
5906.55,179,184.58
5907.58,179,184.61
5908.61,179,184.64
5909.64,179,184.68
5910.68,179,184.71
5911.71,179,184.74
5912.74,179,184.77
5912.77,179,184.77
5912.77,179,184.77
5912.77,179,184.77
5912.77,179,184.77
5912.77,179,184.77
5912.77,179,184.77
5912.77,179,184.77
5912.77,179,184.77
5912.77,179,184.77
5912.77,179,184.77
5912.77,179,184.77
5912.77,179,184.77
5912.77,179,184.77
5912.77,179,184.77
5912.77,179,184.77
5912.77,179,184.77
5912.77,179,184.77
5912.77,179,184.77
5912.77,179,184.77
5912.77,179,184.77
5912.77,179,184.77
5912.77,179,184.77
5912.77,179,184.77
5912.77,179,184.77
5912.77,179,184.77
5912.77,179,184.77
5912.77,179,184.77
5912.77,179,184.77
5912.77,179,184.77
5912.77,179,184.77
5912.77,179,184.77
5912.77,179,184.77
5912.77,179,184.77
5912.77,179,184.77
5912.77,179,184.77
5912.77,179,184.77
5912.77,179,184.77
5912.77,179,184.77
5912.77,179,184.77
5912.77,179,184.77
5912.77,179,184.77
5912.77,179,184.77
5912.77,179,184.77
5912.77,179,184.77
5912.77,179,184.77
5912.77,179,184.77
5912.77,179,184.77
5912.77,179,184.77
5912.77,179,184.77
5912.77,179,184.77
5912.77,179,184.77
5912.77,179,184.77
5912.77,179,184.77
5912.77,179,184.77
5912.77,179,184.77
5912.77,179,184.77
5912.77,179,184.77
5912.77,179,184.77
5912.77,179,184.77
5912.77,179,184.77
5912.77,179,184.77
5912.77,179,184.77
5912.77,179,184.77
5912.77,179,184.77
5912.77,179,184.77
5912.77,179,184.77
5912.77,179,184.77
5912.77,179,184.77
5912.77,179,184.77
5912.77,179,184.77
5912.77,179,184.77
5912.77,179,184.77
5912.77,179,184.77
5912.77,179,184.77
5912.77,179,184.77
5912.77,179,184.77
5912.77,179,184.77
5912.77,179,184.77
5912.77,179,184.77
5912.77,179,184.77
5912.77,179,184.77
5912.77,179,184.77
5912.77,179,184.77
5912.77,179,184.77
5912.77,179,184.77
5912.77,179,184.77
5912.77,179,184.77
5912.77,179,184.77
5912.77,179,184.77
5912.77,179,184.77
5912.77,179,184.77
5912.77,179,184.77
5912.77,179,184.77
5912.77,179,184.77
5912.77,179,184.77
5912.77,179,184.77
5912.77,179,184.77
5912.77,179,184.77
5912.77,179,184.77
5912.77,179,184.77
5912.77,179,184.77
5912.77,179,184.77
5912.77,179,184.77
5912.77,179,184.77
5912.77,179,184.77
5912.77,179,184.77
5912.77,179,184.77
5912.77,179,184.77
5912.77,179,184.77
5912.77,179,184.77
5912.77,179,184.77
5912.77,179,184.77
5912.77,179,184.77
5912.77,179,184.77
5912.77,179,184.77
5912.77,179,184.77
5912.77,179,184.77
5912.77,179,184.77
5912.77,179,184.77
5912.77,179,184.77
5912.77,179,184.77
5912.77,179,184.77
5912.77,179,184.77
5912.77,179,184.77
5912.77,179,184.77
5912.77,179,184.77
5912.77,179,184.77
5912.77,179,184.77
5913.77,180,184.81
5916.81,182,184.90
5920.90,183,185.03
5924.03,182,185.13
5927.13,182,185.22
5930.22,182,185.32
5933.32,182,185.42
5936.42,182,185.51
5939.51,182,185.61
5942.61,182,185.71
5945.71,182,185.80
5948.80,182,185.90
5951.90,182,186.00
5954.00,181,186.06
5956.06,181,186.13
5958.13,181,186.19
5960.19,181,186.26
5962.26,181,186.32
5964.32,181,186.39
5966.38,181,186.45
5967.45,180,186.48
5969.48,181,186.55
5971.55,181,186.61
5973.61,181,186.68
5975.68,181,186.74
5977.74,181,186.80
5979.80,181,186.87
5981.87,181,186.93
5983.93,181,187.00
5987.00,182,187.09
5989.09,181,187.16
5991.16,181,187.22
5992.22,181,187.26
5991.26,181,187.23
5989.23,181,187.16
5988.16,181,187.13
5987.13,181,187.10
5986.10,181,187.07
5984.07,180,187.00
5983.00,181,186.97
5980.97,180,186.91
5978.91,180,186.84
5976.84,180,186.78
5974.78,180,186.71
5972.71,180,186.65
5971.65,180,186.61
5970.61,180,186.58
5969.58,180,186.55
5968.55,180,186.52
5967.52,180,186.48
5966.48,180,186.45
5965.45,180,186.42
5965.42,180,186.42
5964.42,180,186.39
5963.39,180,186.36
5962.36,180,186.32
5961.32,180,186.29
5960.29,180,186.26
5959.26,180,186.23
5958.23,180,186.19
5957.19,180,186.16
5955.16,180,186.10
5954.10,180,186.07
5953.07,180,186.03
5952.03,180,186.00
5953.00,182,186.03
5957.03,185,186.16
5997.16,221,187.41
6006.41,189,187.70
6016.70,191,188.02
6032.02,195,188.50
6048.50,197,189.02
6068.02,199,189.63
6089.63,201,190.30
6109.30,199,190.92
6127.92,198,191.50
6145.50,197,192.05
6162.05,196,192.56
6177.56,195,193.05
6192.05,194,193.50
6205.50,193,193.92
6217.92,192,194.31
6230.31,192,194.70
6241.70,191,195.05
6253.05,191,195.41
6263.41,190,195.73
6273.73,190,196.05
6283.05,189,196.35
6291.35,188,196.60
6299.60,188,196.86
6307.86,188,197.12
6316.12,188,197.38
6323.38,187,197.61
6330.61,187,197.83
6336.83,186,198.03
6343.03,186,198.22
6349.22,186,198.41
6352.41,185,198.51
6352.51,185,198.52
6315.52,184,197.36
6309.36,184,197.17
6302.17,184,196.94
6290.94,184,196.59
6276.59,183,196.14
6260.14,183,195.63
6241.63,183,195.05
6225.05,183,194.53
6209.53,183,194.05
6194.05,182,193.56
6179.56,182,193.11
6166.11,182,192.69
6153.69,182,192.30
6142.30,182,191.95
6131.95,182,191.62
6121.62,182,191.30
6112.30,182,191.01
6103.01,182,190.72
6094.72,182,190.46
6085.46,181,190.17
6077.17,181,189.91
6069.91,181,189.68
6062.68,181,189.46
6055.46,181,189.23
6048.23,181,189.01
6042.01,181,188.81
6035.81,181,188.62
6030.62,181,188.46
6025.46,181,188.30
6020.30,181,188.13
6016.13,181,188.00
6012.00,181,187.88
6008.87,181,187.78
6005.78,181,187.68
6002.68,181,187.58
5999.58,181,187.49
5997.49,181,187.42
5995.42,181,187.36
5993.36,181,187.29
5991.29,181,187.23
5989.23,181,187.16
5987.16,180,187.10
5987.10,182,187.10
5987.10,182,187.10
5987.10,182,187.10
5987.10,182,187.10
5987.10,182,187.10
5987.10,182,187.10
5987.10,182,187.10
5987.10,182,187.10
5987.10,182,187.10
5988.10,182,187.13
5988.13,181,187.13
5989.13,182,187.16
5989.16,181,187.16
5989.16,181,187.16
5989.16,181,187.16
5989.16,181,187.16
5989.16,181,187.16
5989.16,181,187.16
5989.16,181,187.16
5989.16,181,187.16
5989.16,181,187.16
5989.16,181,187.16
5989.16,181,187.16
5989.16,181,187.16
5989.16,181,187.16
5989.16,181,187.16
5989.16,181,187.16
5989.16,181,187.16
5989.16,181,187.16
5989.16,181,187.16
5989.16,181,187.16
5990.16,181,187.19
5989.19,181,187.16
5987.16,180,187.10
5985.10,180,187.03
5983.03,180,186.97
5980.97,180,186.91
5978.91,180,186.84
5976.84,180,186.78
5974.78,180,186.71
5971.71,179,186.62
5969.62,180,186.55
5968.55,180,186.52
5966.52,180,186.45
5965.45,180,186.42
5964.42,180,186.39
5962.39,179,186.32
5960.32,179,186.26
5959.26,180,186.23
5958.23,180,186.19
5957.19,180,186.16
5956.16,180,186.13
5955.13,180,186.10
5954.10,180,186.07
5953.07,180,186.03
5952.03,180,186.00
5951.00,180,185.97
5949.97,180,185.94
5948.94,180,185.90
5947.90,180,185.87
5946.87,180,185.84
5945.84,180,185.81
5944.81,180,185.78
5943.78,180,185.74
5942.74,180,185.71
5942.71,180,185.71
5942.71,180,185.71
5942.71,180,185.71
5942.71,180,185.71
5942.71,180,185.71
5942.71,180,185.71
5945.71,183,185.80
5951.80,185,185.99
5955.99,184,186.12
5960.12,184,186.25
5964.25,184,186.38
5969.38,185,186.54
5976.54,187,186.77
5986.77,189,187.09
5996.09,188,187.38
6004.38,188,187.64
6013.64,189,187.93
6022.93,189,188.22
6033.22,190,188.54
6043.54,190,188.86
6053.86,190,189.18
6063.18,189,189.47
6072.47,189,189.76
6081.76,189,190.06
6090.06,188,190.31
6097.31,187,190.54
6104.54,187,190.77
6111.77,187,190.99
6117.99,186,191.19
6124.19,186,191.38
6129.38,185,191.54
6134.54,185,191.70
6139.70,185,191.87
6144.87,185,192.03
6149.03,184,192.16
6153.16,184,192.29
6157.29,184,192.42
6161.41,184,192.54
6162.54,184,192.58
6161.58,184,192.55
6160.55,183,192.52
6159.52,183,192.48
6158.48,183,192.45
6156.45,183,192.39
6151.39,182,192.23
6144.23,182,192.01
6138.01,182,191.81
6131.81,182,191.62
6124.62,182,191.39
6117.39,182,191.17
6109.17,182,190.91
6100.91,182,190.65
6092.65,182,190.40
6085.40,182,190.17
6078.17,182,189.94
6070.94,182,189.72
6064.72,182,189.52
6059.52,182,189.36
6054.36,182,189.20
6049.20,182,189.04
6045.04,182,188.91
6040.91,182,188.78
6036.78,181,188.65
6032.65,181,188.52
6028.52,181,188.39
6024.39,181,188.26
6021.26,181,188.16
6018.16,181,188.07
6015.07,181,187.97
6011.97,181,187.87
6008.87,181,187.78
6005.78,181,187.68
6002.68,180,187.58
6000.58,181,187.52
5998.52,181,187.45
5996.45,181,187.39
5995.39,181,187.36
5994.36,181,187.32
5993.32,181,187.29
5992.29,181,187.26
5991.26,181,187.23
5990.23,181,187.19
5989.19,181,187.16
5988.16,181,187.13
5986.13,180,187.07
5984.07,180,187.00
5982.00,180,186.94
5979.94,180,186.87
5977.87,180,186.81
5975.81,180,186.74
5973.74,180,186.68
5971.68,180,186.61
5969.62,180,186.55
5967.55,180,186.49
5966.49,180,186.45
5965.45,180,186.42
5964.42,180,186.39
5963.39,180,186.36
5962.36,180,186.32
5962.32,181,186.32
5962.32,181,186.32
5962.32,181,186.32
5962.32,181,186.32
5962.32,181,186.32
5963.32,181,186.35
5964.35,182,186.39
5964.39,181,186.39
5966.39,183,186.45
5967.45,182,186.48
5970.48,184,186.58
5973.58,184,186.67
5976.67,184,186.77
5979.77,184,186.87
5982.87,184,186.96
6018.96,217,188.09
6024.09,185,188.25
6029.25,185,188.41
6033.41,184,188.54
6037.54,184,188.67
6041.67,184,188.80
6045.80,184,188.93
6049.93,184,189.06
6054.06,184,189.19
6057.19,183,189.29
6060.29,183,189.38
6063.38,183,189.48
6066.48,183,189.58
6069.58,183,189.67
6071.67,182,189.74
6074.74,183,189.84
6077.84,183,189.93
6078.93,182,189.97
6079.97,182,190.00
6081.00,182,190.03
6082.03,182,190.06
6083.06,182,190.10
6084.10,182,190.13
6084.13,182,190.13
6085.13,182,190.16
6084.16,182,190.13
6084.13,182,190.13
6081.13,181,190.04
6079.04,182,189.97
6076.97,182,189.91
6074.91,182,189.84
6072.84,182,189.78
6036.78,181,188.65
6031.65,181,188.49
6027.49,181,188.36
6024.36,181,188.26
6021.26,181,188.16
6018.16,181,188.07
6015.07,181,187.97
6011.97,181,187.87
6008.87,181,187.78
6006.78,181,187.71
6004.71,181,187.65
6002.65,181,187.58
6000.58,181,187.52
5998.52,181,187.45
5997.45,181,187.42
5995.42,181,187.36
5993.36,181,187.29
5992.29,181,187.26
5991.26,181,187.23
5990.23,181,187.19
5989.19,181,187.16
5988.16,181,187.13
5987.13,181,187.10
5985.10,180,187.03
5984.03,181,187.00
5983.00,181,186.97
5981.97,181,186.94
5981.94,181,186.94
5980.94,181,186.90
5979.90,181,186.87
5978.87,181,186.84
5977.84,181,186.81
5977.81,181,186.81
5977.81,181,186.81
5976.81,180,186.78
5976.78,181,186.77
5976.77,181,186.77
5976.77,181,186.77
5976.77,181,186.77
5976.77,181,186.77
5976.77,181,186.77
5976.77,181,186.77
5976.77,181,186.77
5976.77,181,186.77
5976.77,181,186.77
5976.77,181,186.77
5976.77,181,186.77
5976.77,181,186.77
5976.77,181,186.77
5976.77,181,186.77
5976.77,181,186.77
5976.77,181,186.77
5976.77,181,186.77
5976.77,181,186.77
5976.77,181,186.77
5977.77,181,186.81
5977.81,181,186.81
5976.81,180,186.78
5976.78,181,186.77
5975.77,180,186.74
5974.74,180,186.71
5973.71,180,186.68
5973.68,181,186.68
5972.68,180,186.65
5971.65,180,186.61
5971.61,181,186.61
5972.61,181,186.64
5972.64,181,186.65
5972.64,181,186.65
5972.64,181,186.65
5972.64,181,186.65
5972.64,181,186.65
5972.64,181,186.65
5972.64,181,186.65
5972.64,181,186.65
5972.64,181,186.65
5973.64,182,186.68
5976.68,184,186.77
5984.77,189,187.02
5992.02,188,187.25
5999.25,188,187.48
6005.48,187,187.67
6011.67,187,187.86
6017.86,187,188.06
6024.06,187,188.25
6031.25,188,188.48
6040.48,190,188.76
6047.76,188,188.99
6054.99,188,189.22
6063.22,188,189.48
6069.48,187,189.67
6076.67,187,189.90
6082.90,186,190.09
6089.09,186,190.28
6093.28,185,190.42
6100.41,187,190.64
6107.64,187,190.86
6113.86,187,191.06
6119.06,186,191.22
6124.22,186,191.38
6131.38,188,191.61
6139.61,189,191.86
6146.86,188,192.09
6154.09,188,192.32
6160.32,187,192.51
6166.51,187,192.70
6172.70,187,192.90
6177.90,186,193.06
6182.06,186,193.19
6184.19,186,193.26
6181.26,186,193.16
6178.16,185,193.07
6175.07,185,192.97
6171.97,184,192.87
6168.87,184,192.78
6165.78,184,192.68
6162.68,184,192.58
6158.58,184,192.46
6151.46,183,192.23
6146.23,183,192.07
6141.07,183,191.91
6135.91,183,191.75
6131.75,183,191.62
6127.62,183,191.49
6123.49,182,191.36
6119.36,182,191.23
6116.23,182,191.13
6111.13,182,190.97
6105.97,182,190.81
6100.81,182,190.65
6096.65,182,190.52
6092.52,182,190.39
6086.39,182,190.20
6079.20,182,189.97
6072.97,182,189.78
6066.78,182,189.59
6061.59,182,189.42
6056.42,182,189.26
6051.26,182,189.10
6047.10,182,188.97
6042.97,182,188.84
6038.84,182,188.71
6034.71,182,188.58
6031.58,182,188.49
6027.49,181,188.36
6024.36,181,188.26
6021.26,181,188.16
6018.16,181,188.07
6015.07,181,187.97
6011.97,181,187.87
6009.87,181,187.81
6007.81,181,187.74
6005.74,181,187.68
6003.68,181,187.61
6001.62,181,187.55
5999.55,181,187.49
5997.49,180,187.42
5996.42,181,187.39
5995.39,181,187.36
5994.36,181,187.32
5993.32,181,187.29
5992.29,181,187.26
5990.26,180,187.20
5989.20,181,187.16
5988.16,181,187.13
5987.13,181,187.10
5986.10,181,187.07
5985.07,181,187.03
5984.03,181,187.00
5983.00,181,186.97
5981.97,181,186.94
5980.94,181,186.90
5979.90,181,186.87
5978.87,181,186.84
5977.84,181,186.81
5976.81,181,186.78
5976.78,181,186.77
5976.77,181,186.77
5976.77,181,186.77
5976.77,181,186.77
5976.77,181,186.77
5976.77,181,186.77
5976.77,181,186.77
5976.77,181,186.77
5976.77,181,186.77
5976.77,181,186.77
5976.77,181,186.77
5976.77,181,186.77
5977.77,181,186.81
5977.81,181,186.81
5977.81,181,186.81
5977.81,181,186.81
5977.81,181,186.81
5977.81,181,186.81
5978.81,181,186.84
5978.84,181,186.84
5978.84,181,186.84
5978.84,181,186.84
5978.84,181,186.84
5978.84,181,186.84
5978.84,181,186.84
5978.84,181,186.84
5978.84,181,186.84
5978.84,181,186.84
5978.84,181,186.84
5978.84,181,186.84
5978.84,181,186.84
5978.84,181,186.84
5978.84,181,186.84
5977.84,180,186.81
5976.81,180,186.78
5975.78,180,186.74
5974.74,180,186.71
5973.71,180,186.68
5972.68,180,186.65
5971.65,180,186.61
5970.61,180,186.58
5969.58,180,186.55
5968.55,180,186.52
5967.52,180,186.48
5966.48,180,186.45
5965.45,180,186.42
5964.42,180,186.39
5963.39,180,186.36
5962.36,180,186.32
5961.32,180,186.29
5960.29,180,186.26
5959.26,180,186.23
5958.23,180,186.19
5957.19,180,186.16
5956.16,180,186.13
5955.13,180,186.10
5954.10,180,186.07
5953.07,180,186.03
5952.03,180,186.00
5952.00,181,186.00
5952.00,181,186.00
5952.00,181,186.00
5952.00,181,186.00
5952.00,181,186.00
5952.00,181,186.00
5953.00,181,186.03
5954.03,181,186.06
5955.06,181,186.10
5955.10,180,186.10
5956.10,181,186.13
5956.13,180,186.13
5956.13,180,186.13
5957.13,181,186.16
5958.16,181,186.19
5959.19,181,186.22
5959.22,180,186.23
5960.23,181,186.26
5960.26,180,186.26
5961.26,181,186.29
5961.29,180,186.29
5962.29,181,186.32
5963.32,181,186.35
5963.35,180,186.35
5964.35,181,186.39
5964.39,180,186.39
5965.39,181,186.42
5966.42,181,186.45
5967.45,181,186.48
5968.48,181,186.52
5969.52,181,186.55
5970.55,181,186.58
5970.58,181,186.58
5970.58,181,186.58
5970.58,181,186.58
5970.58,181,186.58
5970.58,181,186.58
5970.58,181,186.58
5970.58,181,186.58
5970.58,181,186.58
5970.58,181,186.58
5971.58,181,186.61
5971.61,181,186.61
5971.61,180,186.61
5972.61,181,186.64
5972.64,181,186.65
5972.64,181,186.65
5972.64,181,186.65
5973.64,181,186.68
5973.68,181,186.68
5974.68,181,186.71
5974.71,181,186.71
5975.71,181,186.74
5975.74,181,186.74
5975.74,181,186.74
5976.74,181,186.77
5976.77,181,186.77
5977.77,181,186.81
5977.81,181,186.81
5977.81,181,186.81
5977.81,181,186.81
5977.81,181,186.81
5977.81,181,186.81
5977.81,181,186.81
5977.81,181,186.81
5977.81,181,186.81
5977.81,181,186.81
5977.81,181,186.81
5977.81,181,186.81
5977.81,181,186.81
5977.81,181,186.81
5977.81,181,186.81
5977.81,181,186.81
5977.81,181,186.81
5977.81,181,186.81
5978.81,181,186.84
5978.84,181,186.84
5978.84,181,186.84
5978.84,181,186.84
5978.84,181,186.84
5978.84,181,186.84
5978.84,181,186.84
5978.84,181,186.84
5978.84,181,186.84
5978.84,181,186.84
5978.84,181,186.84
5978.84,181,186.84
5978.84,181,186.84
5978.84,181,186.84
5978.84,181,186.84
5978.84,181,186.84
5977.84,180,186.81
5977.81,181,186.81
5976.81,180,186.78
5976.78,181,186.77
5976.77,181,186.77
5976.77,181,186.77
5976.77,181,186.77
5976.77,181,186.77
5976.77,181,186.77
5976.77,181,186.77
5976.77,181,186.77
5976.77,181,186.77
5976.77,181,186.77
5976.77,181,186.77
5976.77,181,186.77
5976.77,181,186.77
5976.77,181,186.77
5975.77,180,186.74
5974.74,180,186.71
5974.71,181,186.71
5974.71,181,186.71
5973.71,180,186.68
5973.68,181,186.68
5973.68,181,186.68
5973.68,181,186.68
5973.68,181,186.68
5973.68,181,186.68
5973.68,181,186.68
5973.68,181,186.68
5973.68,181,186.68
5973.68,181,186.68
5973.68,181,186.68
5974.68,181,186.71
5974.71,181,186.71
5975.71,181,186.74
5975.74,181,186.74
5975.74,181,186.74
5975.74,181,186.74
5975.74,181,186.74
5975.74,181,186.74
5975.74,181,186.74
5975.74,181,186.74
5975.74,181,186.74
5975.74,181,186.74
5975.74,181,186.74
5974.74,180,186.71
5974.71,181,186.71
5974.71,181,186.71
5974.71,181,186.71
5975.71,181,186.74
5976.74,181,186.77
5975.77,180,186.74
5975.74,181,186.74
5975.74,180,186.74
5974.74,180,186.71
5973.71,180,186.68
5972.68,180,186.65
5971.65,180,186.61
5970.61,180,186.58
5969.58,180,186.55
5968.55,180,186.52
5967.52,180,186.48
5966.48,180,186.45
5965.45,180,186.42
5964.42,180,186.39
5963.39,180,186.36
5962.36,180,186.32
5961.32,180,186.29
5960.29,180,186.26
5959.26,180,186.23
5958.23,180,186.19
5957.19,180,186.16
5956.16,180,186.13
5955.13,180,186.10
5954.10,180,186.07
5953.07,180,186.03
5952.03,180,186.00
5952.00,180,186.00
5951.00,180,185.97
5949.97,180,185.94
5948.94,180,185.90
5947.90,180,185.87
5946.87,180,185.84
5946.84,180,185.84
5945.84,180,185.81
5945.81,180,185.81
5945.81,180,185.81
5945.81,180,185.81
5945.81,180,185.81
5945.81,180,185.81
5945.81,180,185.81
5945.81,180,185.81
5945.81,180,185.81
5945.81,180,185.81
5945.81,180,185.81
5945.81,180,185.81
5945.81,180,185.81
5945.81,180,185.81
5945.81,180,185.81
5945.81,180,185.81
5945.81,180,185.81
5945.81,180,185.81
5945.81,180,185.81
5945.81,180,185.81
5945.81,180,185.81
5945.81,180,185.81
5945.81,180,185.81
5945.81,180,185.81
5945.81,180,185.81
5945.81,180,185.81
5945.81,180,185.81
5945.81,180,185.81
5945.81,180,185.81
5945.81,180,185.81
5945.81,180,185.81
5945.81,180,185.81
5945.81,180,185.81
5945.81,180,185.81
5945.81,180,185.81
5945.81,180,185.81
5945.81,180,185.81
5945.81,180,185.81
5945.81,180,185.81
5945.81,180,185.81
5945.81,180,185.81
5945.81,180,185.81
5945.81,180,185.81
5945.81,180,185.81
5945.81,180,185.81
5945.81,180,185.81
5945.81,180,185.81
5945.81,180,185.81
5945.81,180,185.81
5945.81,180,185.81
5945.81,180,185.81
5945.81,180,185.81
5945.81,180,185.81
5945.81,180,185.81
5945.81,180,185.81
5945.81,180,185.81
5945.81,180,185.81
5945.81,180,185.81
5945.81,180,185.81
5945.81,180,185.81
5945.81,180,185.81
5945.81,180,185.81
5945.81,180,185.81
5945.81,180,185.81
5945.81,180,185.81
5945.81,180,185.81
5945.81,180,185.81
5945.81,180,185.81
5945.81,180,185.81
5945.81,180,185.81
5945.81,180,185.81
5945.81,180,185.81
5945.81,180,185.81
5945.81,180,185.81
5945.81,180,185.81
5945.81,180,185.81
5945.81,180,185.81
5945.81,180,185.81
5945.81,180,185.81
5948.81,183,185.90
5955.90,187,186.12
6002.12,226,187.57
6056.57,233,189.27
6117.27,239,191.16
6152.16,213,192.26
6188.25,215,193.38
6226.38,217,194.57
6266.57,219,195.83
6312.83,225,197.28
6362.28,228,198.82
6444.82,261,201.40
6501.40,234,203.17
6556.17,233,204.88
6609.88,232,206.56
6660.56,229,208.14
6710.14,228,209.69
6757.69,226,211.18
6805.18,226,212.66
6854.66,228,214.21
6908.21,232,215.88
6993.88,264,218.56
7053.56,237,220.42
7150.42,275,223.45
7218.45,245,225.58
7284.58,244,227.64
7380.64,274,230.65
7449.64,246,232.80
7522.80,251,235.09
7629.09,284,238.41
7700.41,248,240.64
7767.64,245,242.74
7828.74,242,244.65
7885.65,242,246.43
7905.43,244,247.04
7920.04,247,247.50
7925.50,244,247.67
7958.67,246,248.71
8024.71,280,250.77
8057.77,248,251.81
8088.81,249,252.78
8110.78,246,253.46
8125.46,242,253.92
8103.92,239,253.25
8105.25,236,253.29
8105.29,233,253.29
8104.29,231,253.26
8104.26,229,253.26
8102.26,226,253.20
8100.20,224,253.13
8096.13,222,253.00
8088.00,220,252.75
8073.75,218,252.30
8026.30,217,250.82
8002.82,215,250.09
7940.09,213,248.13
7905.13,212,247.04
7870.04,210,245.94
7803.94,209,243.87
7763.87,208,242.62
7718.62,207,241.21
7638.21,205,238.69
7591.69,204,237.24
7548.24,203,235.88
7506.88,202,234.59
7464.59,201,233.27
7419.27,200,231.85
7369.85,199,230.31
7322.31,198,228.82
7271.82,197,227.24
7187.24,197,224.60
7132.60,196,222.89
7076.89,195,221.15
7023.15,194,219.47
6972.47,193,217.89
6924.89,193,216.40
6879.40,192,214.98
6836.98,192,213.66
6795.66,191,212.36
6756.36,191,211.14
6720.14,191,210.00
6687.00,192,208.97
6658.97,195,208.09
6632.09,194,207.25
6608.25,195,206.51
6584.51,194,205.77
6562.77,194,205.09
6542.09,193,204.44
6522.44,193,203.83
6503.83,192,203.24
6486.24,192,202.70
6468.70,191,202.15
6451.15,190,201.60
6435.60,190,201.11
6421.11,190,200.66
6406.66,189,200.21
6393.21,189,199.79
6379.79,188,199.37
6367.37,188,198.98
6354.98,187,198.59
6343.59,187,198.24
6333.24,187,197.91
6321.91,186,197.56
6311.56,186,197.24
6302.24,186,196.94
6292.94,185,196.65
6284.65,185,196.40
6276.40,185,196.14
6269.14,185,195.91
6261.91,185,195.68
6255.68,185,195.49
6248.49,184,195.27
6241.27,184,195.04
6233.04,184,194.78
6221.78,184,194.43
6211.43,184,194.11
6200.11,184,193.75
6189.75,184,193.43
6179.43,184,193.11
6170.11,184,192.82
6159.82,183,192.49
6150.49,183,192.20
6141.20,183,191.91
6132.91,183,191.65
6125.65,183,191.43
6118.43,183,191.20
6111.20,183,190.98
6103.97,182,190.75
6096.75,182,190.52
6090.52,182,190.33
6084.33,182,190.14
6079.14,182,189.97
6073.97,182,189.81
6068.81,182,189.65
6063.65,181,189.49
6059.49,182,189.36
6055.36,182,189.23
6053.23,183,189.16
6051.16,183,189.10
6049.10,183,189.03
6047.03,183,188.97
6044.97,183,188.91
6042.91,183,188.84
6040.84,182,188.78
6038.78,182,188.71
6036.71,182,188.65
6034.65,182,188.58
6032.58,182,188.52
6030.52,182,188.45
6029.45,183,188.42
6027.42,182,188.36
6025.36,182,188.29
6024.29,182,188.26
6023.26,182,188.23
6022.23,182,188.19
6021.19,182,188.16
6020.16,182,188.13
6019.13,182,188.10
6018.10,182,188.07
6018.07,182,188.06
6018.06,182,188.06
6017.06,181,188.03
6016.03,181,188.00
6015.00,181,187.97
6013.97,181,187.94
6012.94,181,187.90
6012.90,181,187.90
6011.90,181,187.87
6010.87,181,187.84
6008.84,181,187.78
6006.78,181,187.71
6004.71,181,187.65
6002.65,181,187.58
6000.58,181,187.52
5998.52,181,187.45
5997.45,181,187.42
5996.42,181,187.39
5995.39,181,187.36
5994.36,181,187.32
5993.32,181,187.29
5992.29,181,187.26
5990.26,181,187.20
5989.20,181,187.16
5988.16,181,187.13
5987.13,181,187.10
5986.10,181,187.07
5985.07,181,187.03
5984.03,181,187.00
5982.00,180,186.94
5980.94,181,186.90
5978.90,180,186.84
5977.84,181,186.81
5976.81,181,186.78
5975.78,180,186.74
5975.74,181,186.74
5975.74,181,186.74
5975.74,181,186.74
5975.74,181,186.74
5975.74,181,186.74
5975.74,181,186.74
5975.74,181,186.74
5975.74,181,186.74
5975.74,181,186.74
5975.74,181,186.74
5975.74,181,186.74
5975.74,181,186.74
5975.74,181,186.74
5975.74,181,186.74
5975.74,181,186.74
5975.74,181,186.74
5975.74,181,186.74
5975.74,181,186.74
5975.74,181,186.74
5976.74,182,186.77
5978.77,183,186.84
5981.84,184,186.93
5986.93,186,187.09
6025.09,219,188.28
6032.28,187,188.51
6037.51,186,188.67
6043.67,186,188.86
6047.86,185,189.00
6053.00,185,189.16
6057.16,185,189.29
6061.29,185,189.42
6069.41,188,189.67
6076.67,188,189.90
6083.90,188,190.12
6094.12,191,190.44
6103.44,190,190.73
6111.73,189,190.99
6119.99,189,191.25
6127.25,188,191.48
6134.48,188,191.70
6140.70,187,191.90
6146.90,187,192.09
6153.09,187,192.28
6158.28,186,192.45
6163.45,186,192.61
6168.61,186,192.77
6172.77,185,192.90
6176.90,185,193.03
6180.03,184,193.13
6183.13,184,193.22
6186.22,184,193.32
6188.32,184,193.38
6189.38,184,193.42
6189.42,184,193.42
6187.42,184,193.36
6151.36,183,192.23
6146.23,183,192.07
6144.07,184,192.00
6147.00,189,192.09
6156.09,194,192.38
6168.38,197,192.76
6219.76,236,194.37
6278.37,242,196.20
6340.20,248,198.13
6374.13,220,199.19
6408.19,221,200.26
6436.26,218,201.13
6463.13,216,201.97
6522.97,248,203.84
6552.84,217,204.78
6621.78,256,206.93
6695.93,260,209.25
6742.25,231,210.70
6787.70,231,212.12
6835.12,233,213.60
6919.60,269,216.24
6978.24,242,218.07
7036.07,242,219.88
7098.88,246,221.84
7157.84,242,223.68
7213.68,238,225.43
7267.43,236,227.11
7319.11,234,228.72
7371.72,235,230.37
7425.37,236,232.04
7477.04,234,233.66
7526.66,232,235.21
7575.21,230,236.73
7621.72,228,238.18
7668.18,229,239.63
7705.63,225,240.80
7736.80,224,241.78
7762.77,222,242.59
7747.59,220,242.11
7723.11,218,241.35
7690.35,216,240.32
7684.32,215,240.14
7676.14,213,239.88
7668.88,211,239.65
7662.65,210,239.46
7622.46,208,238.20
7611.20,207,237.85
7559.85,205,236.25
7502.25,204,234.45
7472.45,203,233.51
7442.51,202,232.58
7409.58,201,231.55
7339.55,200,229.36
7294.36,199,227.95
7248.95,198,226.53
7198.53,197,224.95
7150.95,196,223.47
7106.47,195,222.08
7063.08,194,220.72
7021.72,194,219.43
6978.43,193,218.08
6934.08,193,216.69
6890.69,192,215.33
6849.33,192,214.04
6809.04,191,212.78
6769.78,190,211.56
6729.56,190,210.30
6692.30,189,209.13
6656.13,189,208.00
6622.00,189,206.94
6588.94,188,205.90
6557.90,188,204.93
6527.93,187,204.00
6500.00,188,203.12
6473.12,187,202.29
6448.29,187,201.51
6423.51,186,200.73
6400.73,186,200.02
6379.02,186,199.34
6358.34,185,198.70
6338.70,185,198.08
6320.08,185,197.50
6301.50,184,196.92
6283.92,184,196.37
6267.37,184,195.86
6251.86,184,195.37
6237.37,184,194.92
6223.92,184,194.50
6210.50,183,194.08
6198.08,183,193.69
6186.69,183,193.33
6175.33,183,192.98
6164.98,183,192.66
6154.66,183,192.33
6144.33,182,192.01
6135.01,183,191.72
6126.72,183,191.46
6119.46,183,191.23
6112.23,183,191.01
6106.01,183,190.81
6099.81,183,190.62
6093.62,183,190.43
6088.43,183,190.26
6083.26,183,190.10
6079.10,183,189.97
6076.97,186,189.91
6076.91,187,189.90
6079.90,190,190.00
6082.00,188,190.06
6085.06,189,190.16
6088.16,189,190.25
6092.25,189,190.38
6095.38,188,190.48
6098.48,188,190.58
6101.58,187,190.67
6104.67,187,190.77
6106.77,186,190.84
6108.84,186,190.90
6110.90,186,190.97
6112.97,186,191.03
6115.03,185,191.09
6117.09,185,191.16
6119.16,185,191.22
6120.22,184,191.26
6121.26,184,191.29
6122.29,184,191.32